0.50  0.30  0.40  5.00
0.50  0.30  0.40  5.00
0.50  0.30  0.40  5.00
0.44  0.32  0.28 12.32
2.00  0.45  0.13 36.62
1.25  0.50  0.10 15.00
0.43  0.43  0.15  6.56
1.18  0.48  0.12 15.00
1.25  0.50  0.10 15.00
0.20  0.40  0.15  7.01
1.15  0.52  0.17  6.80
1.23  0.49  0.12 16.75
0.51  0.30  0.30 15.25
0.49  0.30  0.30 14.84
1.25  0.55  0.15  5.20
1.21  0.78  0.12 16.20
0.50  0.30  0.40  5.00
0.50  0.30  0.40  5.00
0.42  0.24  0.35  4.06
0.42  0.24  0.35  4.06
0.48  0.31  0.39  5.12
