  0.60  0.55  0.67 15.00
  0.60  0.55  0.67 15.00
  1.60  0.50  0.50 40.00
  0.75  0.35  0.69 15.00
  1.60  0.60  0.38 40.00
  1.80  0.55  0.33 45.00
  0.75  0.40  0.58 15.00
  1.80  0.70  0.33 45.00
  1.80  0.70  0.33 45.00
  0.68  0.40  0.58 17.00
  1.60  0.70  0.33 40.00
  1.80  0.55  0.33 45.00
  0.68  0.50  0.60 17.00
  0.68  0.50  0.60 17.00
  1.20  0.60  0.38 30.00
  1.60  0.60  0.38 40.00
  0.75  0.35  0.69 15.00
  0.68  0.45  0.55 17.00
  0.48  0.35  0.69 12.00
  0.48  0.35  0.69 12.00
  1.60  0.60  0.25 40.00
